00020
00068
00100
00300
00314
00325
00470
00501
00537
00587
00600
00638
00664
00666
00668
00699
00800
00805
00816
00901
00917
00933
00999
01021
01081
01111
01187
01191
01204
01228
01236
01244
01274
01276
01284
01304
01318
01333
01334
01354
01364
01377
01384
01392
01405
01406
01407
01471
01489
01491
01497
01511
01519
01541
01609
01641
01688
01698
01768
01770
01779
01828
01879
01880
01947
01948
01956
01973
01989
02015
02026
02050
02076
02097
02105
02121
02145
02147
02149
02152
02157
02167
02172
02179
02185
02197
02210
02216
02217
02228
02235
02237
02245
02246
02249
02250
02251
02252
02256
02257
02259
02260
02265
02268
02270
02271
02272
02273
02276
02279
02285
02290
02291
02295
02297
02306
02315
02321
02325
02335
02347
02350
02352
02361
02367
02370
02372
02373
02376
02378
02385
02390
02391
02392
02396
02402
02405
02407
02408
02409
02410
02411
02415
02416
02418
02419
02420
02421
02422
02423
02425
02427
02429
02431
02432
02433
02436
02438
02439
02440
02442
02443
02450
02451
02453
02455
02457
02458
02459
02460
02465
02469
02473
02475
02476
02477
02479
02480
02481
02482
02483
02486
02487
02489
02490
02493
02495
02496
02497
02498
02499
02501
02502
02503
02505
02506
02507
02508
02509
02510
02511
02512
02513
02515
02516
02517
02519
02520
02521
02522
02525
02526
02529
02530
02531
02533
02535
02536
02539
02540
02543
02545
02546
02549
02550
02551
02553
02555
02556
02559
02560
02561
02563
02565
02566
02567
02569
02570
02571
02573
02575
02576
02577
02579
02580
02581
02582
02583
02585
02586
02587
02589
02590
02591
02592
02593
02595
02596
02597
02598
02602
02603
02605
02609
02610
02613
02617
02619
02621
02625
02627
02629
02630
02631
02632
02635
02637
02643
02648
02649
02650
02651
02652
02655
02656
02657
02658
02659
02661
02667
02670
02671
02672
02675
02676
02677
02685
02687
02691
02692
02693
02695
02697
02698
02701
02706
02714
02715
02718
02720
02723
02726
02729
02768
02788
02797
02865
02881
02889
02898
03200
03268
03277
03288
03296
03310
03317
03355
03378
03388
03588
03611
03625
03636
03650
03660
03661
03677
03696
03750
03752
03858
03880
03881
03887
03896
03931
03952
03986
06031
06067
06082
06086
06090
06106
06132
06166
06168
06181
06228
06600
06603
06609
06610
06613
06623
06628
06633
06636
06638
06639
06651
06655
06656
06657
06658
06660
06661
06663
06667
06669
06675
06678
06680
06681
06682
06683
06686
06687
06689
06693
06696
06698
06715
06745
06809
06810
06821
06831
06871
06872
06880
06883
06887
06911
06915
06922
06929
06936
06938
06951
06955
06959
06960
06963
06979
06980
06990
07489
07618
07630
07656
07666
07687
07688
07801
07827
07836
07841
07855
08090
08529
08549
08610
08629
08637
09606
09609
09611
09630
09636
09637
09638
09639
09658
09660
09663
09669
09676
09678
09680
09686
09689
09690
09696
09699
09857
09860
09863
09866
09869
09876
09877
09878
09879
09880
09881
09882
09885
09886
09887
09889
09890
09893
09896
09898
09899
09903
09927
09930
09955
09956
09971
09973
09980
09981
09985
